1.0000
7.5323
-0.7715
-7.7076
0.0752
6.4196
-0.2953
-4.7225
1.6491
3.9269
-2.9073
-3.9729
2.9420
3.5445
-2.1457
-1.7790
1.9263
-0.5921
-2.9168
2.1142
4.1640
-2.3947
-4.3221
2.5459
3.3423
-3.7282
-2.5231
5.6373
2.8580
-6.8500
-3.7705
6.5926
3.8370
-5.6970
-2.5839
5.5360
1.0873
-6.2848
-0.6173
6.7062
1.0420
-5.7312
-1.0085
3.8352
-0.3275
-2.4684
2.2108
2.2601
-3.2147
-2.2646
3.0152
1.2014
-2.7690
0.8802
3.6181
-2.6195
-5.2141
3.0226
6.1281
-2.6817
-5.6305
2.9937
4.5906
-4.3673
-4.3602
5.6870
5.0538
-5.7115
-5.4002
4.6382
4.3546
-3.8564
-2.4319
4.1993
1.0762
-4.9058
-0.8626
4.6025
0.8046
-3.0644
0.3586
1.5257
-2.5233
-1.1476
4.3058
1.5782
-4.7436
-1.4253
4.4658
0.0426
-4.8531
1.6298
6.2520
-2.2339
-7.5034
1.6944
7.3815
-1.3014
-6.1270
2.0702
5.1344
-3.4526
-5.1913
4.0286
5.4951
-3.3029
-4.6898
2.3351
2.6122
-2.4053
-0.5378
3.4020
-0.3860
-3.9705
0.5394
3.2328
-1.2955
-1.9048
3.2285
1.3973
-5.3339
-2.0373
6.2471
2.6592
-5.9231
-2.0819
5.6540
0.6056
-6.4042
0.3653
7.5696
-0.0950
-7.7301
-0.5567
6.4445
0.2258
-4.8185
1.2255
4.1266
-2.5273
-4.2302
2.5987
3.7903
-1.9033
-2.0051
1.8504
-0.3271
-2.9981
1.7651
4.3324
-1.9937
-4.5323
2.1704
3.6241
-3.4121
-2.9320
5.3387
3.3897
-6.5154
-4.3479
6.2363
4.3867
-5.3950
-3.1063
5.3419
1.6327
-6.1735
-1.1989
6.6159
1.5965
-5.6509
-1.4551
3.8256
-0.0034
-2.5906
1.9553
2.5007
-2.9858
-2.5525
2.8450
1.4947
-2.7278
0.5477
3.7270
-2.1899
-5.4155
2.4995
6.3525
-2.1402
-5.8750
2.5022
4.9108
-3.9197
-4.7856
5.2303
5.5348
-5.2327
-5.8543
4.2012
4.7535
-3.5399
-2.8206
4.0149
1.5000
-4.7984
-1.2951
4.5320
1.1678
-3.0651
0.1068
1.6675
-2.3450
-1.4483
4.1377
1.9769
-4.5817
-1.8514
4.3724
0.4927
-4.8783
1.1037
6.3684
-1.6094
-7.6371
1.0292
7.5008
-0.6840
-6.2760
1.5333
5.3705
-2.9568
-5.5049
3.5366
5.8138
-2.8498
-4.9617
2.0041
2.8638
-2.2400
-0.8322
3.3644
-0.0361
-3.9982
0.1954
3.3220
-1.0218
-2.1148
3.0180
1.7696
-5.1229
-2.5333
6.0018
3.1942
-5.6879
-2.6139
5.5004
1.1670
-6.3454
-0.2672
7.5479
0.5818
-7.6938
-1.1900
6.4165
0.7525
-4.8696
0.7886
4.2876
-2.1270
-4.4532
2.2321
4.0087
-1.6372
-2.2153
1.7488
-0.0648
-3.0486
1.4080
4.4645
-1.5780
-4.7050
1.7737
3.8710
-3.0658
-3.3087
4.9997
3.8890
-6.1332
-4.8918
5.8305
4.9051
-5.0444
-3.6043
5.0987
2.1618
-6.0109
-1.7694
6.4744
2.1429
-5.5247
-1.8987
3.7789
0.3266
-2.6832
1.6833
2.7163
-2.7329
-2.8202
2.6469
1.7761
-2.6555
0.2155
3.7987
-1.7506
-5.5721
1.9610
6.5275
-1.5798
-6.0710
1.9866
5.1856
-3.4405
-5.1671
4.7351
5.9718
-4.7136
-6.2664
3.7256
5.1176
-3.1862
-3.1850
3.7923
1.9088
-4.6514
-1.7187
4.4243
1.5284
-3.0351
-0.1522
1.7856
-2.1468
-1.7289
3.9387
2.3573
-4.3824
-2.2632
4.2380
0.9362
-4.8575
0.5757
6.4318
-0.9780
-7.7125
0.3553
7.5617
-0.0559
-6.3712
0.9801
5.5576
-2.4377
-5.7722
3.0174
6.0891
-2.3697
-5.1979
1.6474
3.0915
-2.0472
-1.1152
3.2955
0.3113
-3.9926
-0.1532
3.3805
-0.7347
-2.2985
2.7820
2.1180
-4.8744
-3.0048
5.7117
3.7047
-5.4049
-3.1257
5.2967
1.7153
-6.2320
-0.8924
7.4673
1.2533
-7.5988
-1.8197
6.3353
1.2804
-4.8750
0.3424
4.4084
-1.7100
-4.6402
1.8452
4.1976
-1.3496
-2.4071
1.6226
0.1921
-3.0682
1.0462
4.5598
-1.1510
-4.8389
1.3595
4.0811
-2.6929
-3.6502
4.6235
4.3521
-5.7067
-5.3978
5.3784
5.3878
-4.6478
-4.0734
4.8085
2.6698
-5.7984
-2.3240
6.2827
2.6767
-5.3530
-2.3351
3.6947
0.6592
-2.7451
1.3976
2.9052
-2.4582
-3.0653
2.4227
2.0429
-2.5529
-0.1129
3.8329
-1.3056
-5.6830
1.4114
6.6519
-1.0051
-6.2165
1.4516
5.4125
-2.9338
-5.5017
4.2058
6.3614
-4.1580
-6.6330
3.2150
5.4434
-2.7984
-3.5215
3.5334
2.2987
-4.4659
-2.1299
4.2799
1.8831
-2.9743
-0.4158
1.8787
-1.9310
-1.9873
3.7109
2.7164
-4.1477
-2.6571
4.0639
1.3691
-4.7912
0.0503
6.4420
-0.3446
-7.7291
-0.3219
7.5637
0.5780
-6.4116
0.4154
5.6940
-1.8998
-5.9909
2.4752
6.3188
-1.8663
-5.3958
1.2677
3.2929
-1.8289
-1.3837
3.1962
0.6532
-3.9538
-0.5032
3.4075
-0.4371
-2.4543
2.5230
2.4398
-4.5911
-3.4481
5.3791
4.1867
-5.0763
-3.6128
5.0447
2.2456
-6.0653
-1.5049
7.3287
1.9144
-7.4456
-2.4406
6.2012
1.8048
-4.8343
-0.1090
4.4878
-1.2799
-4.7893
1.4410
4.3548
-1.0428
-2.5782
1.4732
0.4408
-3.0574
0.6829
4.6177
-0.7164
-4.9327
0.9315
4.2523
-2.2968
-3.9538
4.2138
4.7755
-5.2393
-5.8622
4.8834
5.8307
-4.2084
-4.5094
4.4736
3.1523
-5.5381
-2.8582
6.0422
3.1936
-5.1367
-2.7606
3.5733
0.9912
-2.7757
1.1010
3.0658
-2.1641
-3.2856
2.1743
2.2922
-2.4210
-0.4342
3.8301
-0.8588
-5.7478
0.8552
6.7249
-0.4207
-6.3104
0.9016
5.5897
-2.4042
-5.7869
3.6466
6.7004
-3.5703
-6.9509
2.6733
5.7278
-2.3795
-3.8269
3.2405
2.6665
-4.2436
-2.5251
4.0997
2.2288
-2.8827
-0.6810
1.9459
-1.7001
-2.2214
3.4565
3.0514
-3.8795
-3.0295
3.8516
1.7874
-4.6805
-0.4678
6.3995
0.2857
-7.6870
-0.9972
7.5065
1.2123
-6.3965
-0.1559
5.7785
-1.3479
-6.1593
1.9142
6.5008
-1.3435
-5.5533
0.8682
3.4656
-1.5870
-1.6352
3.0675
0.9864
-3.8822
-0.8515
3.4026
-0.1319
-2.5807
2.2440
2.7325
-4.2757
-3.8601
5.0070
4.6363
-4.7049
-4.0710
4.7464
2.7534
-5.8471
-2.0999
7.1336
2.5599
-7.2354
-3.0478
6.0148
2.3212
-4.7475
-0.5615
4.5252
-0.8404
-4.8992
1.0230
4.4789
-0.7193
-2.7266
1.3021
0.6787
-3.0167
0.3214
4.6382
-0.2778
-4.9859
0.4933
4.3832
-1.8815
-4.2171
3.7743
5.1561
-4.7351
-6.2812
4.3494
6.2301
-3.7297
-4.9084
4.0970
3.6052
-5.2321
-3.3676
5.7546
3.6893
-4.8773
-3.1712
3.4152
1.3191
-2.7744
0.7965
3.1968
-1.8533
-3.4791
1.9039
2.5217
-2.2614
-0.7454
3.7907
-0.4140
-5.7667
0.2969
6.7460
0.1685
-6.3518
0.3415
5.7157
-1.8565
-6.0204
3.0624
6.9864
-2.9551
-7.2175
2.1047
5.9680
-1.9329
-4.0982
2.9163
3.0087
-3.9863
-2.9010
3.8850
2.5622
-2.7607
-0.9450
1.9865
-1.4567
-2.4294
3.1782
3.3595
-3.5802
-3.3774
3.6032
2.1874
-4.5266
-0.9743
6.3053
0.9078
-7.5867
-1.6652
7.3904
1.8418
-6.3258
-0.7288
5.8103
-0.7866
-6.2761
1.3392
6.6335
-0.8054
-5.6686
0.4520
3.6073
-1.3238
-1.8670
2.9108
1.3081
-3.7784
-1.1950
3.3655
0.1778
-2.6767
1.9480
2.9940
-3.9314
-4.2376
4.5986
5.0499
-4.2935
-4.4963
4.4047
3.2343
-5.5795
-2.6726
6.8835
3.1846
-6.9695
-3.6363
5.7771
2.8250
-4.6148
-1.0109
4.5200
-0.3954
-4.9690
0.5944
4.5681
-0.3819
-2.8502
1.1111
0.9033
-2.9471
-0.0352
4.6213
0.1611
-4.9979
0.0490
4.4728
-1.4507
-4.4383
3.3091
5.4912
-4.1983
-6.6518
3.7805
6.5826
-3.2154
-5.2667
3.6819
4.0245
-4.8831
-3.8481
5.4223
4.1597
-4.5762
-3.5633
3.2212
1.6397
-2.7413
0.4872
3.2970
-1.5287
-3.6441
1.6137
2.7289
-2.0757
-1.0434
3.7158
0.0249
-5.7398
-0.2591
6.7152
0.7577
-6.3402
-0.2238
5.7894
-1.2953
-6.2007
2.4580
7.2173
-2.3173
-7.4303
1.5136
6.1613
-1.4623
-4.3325
2.5635
3.3223
-3.6961
-3.2542
3.6371
2.8801
-2.6089
-1.2050
2.0000
-1.2036
-2.6098
2.8785
3.6385
-3.2524
-3.6978
3.3208
2.5654
-4.3314
-1.4648
6.1605
1.5167
-7.4293
-2.3207
7.2162
2.4612
-6.1998
-1.2983
5.7892
-0.2208
-6.3404
0.7546
6.7155
-0.2562
-5.7401
0.0226
3.7163
-1.0419
-2.0767
2.7279
1.6153
-3.6433
-1.5305
3.2966
0.4888
-2.7415
1.6381
3.2224
-3.5613
-4.5779
4.1573
5.4242
-3.8457
-4.8850
4.0224
3.6842
-5.2649
-3.2181
6.5808
3.7836
-6.6500
-4.2012
5.4896
3.3116
-4.4373
-1.4530
4.4724
0.0513
-4.9979
0.1588
4.6215
-0.0333
-2.9475
0.9021
1.1121
-2.8496
-0.3837
4.5678
0.5967
-4.9687
-0.3977
4.5202
-1.0085
-4.6157
2.8224
5.7784
-3.6332
-6.9710
3.1814
6.8850
-2.6696
-5.5810
3.2319
4.4066
-4.4942
-4.2958
5.0478
4.6009
-4.2357
-3.9332
2.9927
1.9496
-2.6763
0.1762
3.3658
-1.1932
-3.7790
1.3064
2.9117
-1.8658
-1.3253
3.6066
0.4542
-5.6681
-0.8083
6.6329
1.3422
-6.2756
-0.7896
5.8103
-0.7258
-6.3264
1.8385
7.3912
-1.6618
-7.5874
0.9045
6.3059
-0.9717
-4.5276
2.1854
3.6046
-3.3757
-3.5818
3.3580
3.1797
-2.4284
-1.4580
1.9863
-0.9436
-2.7614
2.5604
3.8862
-2.8990
-3.9877
3.0070
2.9180
-4.0968
-1.9353
5.9668
2.1077
-7.2162
-2.9584
6.9851
3.0656
-6.0193
-1.8594
5.7152
0.3445
-6.3517
0.1654
6.7460
0.2998
-5.7667
-0.4163
3.7910
-0.7438
-2.2623
2.5206
1.9053
-3.4782
-1.8550
3.1961
0.7981
-2.7745
1.3174
3.4161
-3.1691
-4.8787
3.6868
5.7563
-3.3650
